16 277 52 206 207 208 209 210 211 213 214 215 216 217 218 219 221 222 223 224 225 229 230 232 233 234 235 236 237 238 239 242 243 244 245 246 248 249 251 252 253 257 259 260 261 265 266 267 269 270 271 272 273 274 275
13 4 11 206 6 21 13 213 3 35 10 221 4 39 14 222 7 47 14 232 6 57 12 233 5 81 12
15 120 14 246 5 126 12 253 4 132 12 252 3 137 12 260 5 143 14 261 4 151 12 274 8 164 11 275 6 202 14
15 108 11 244 6 124 12 251 5 131 10 252 3 137 12 260 5 142 12 259 5 149 12 270 7 159 13 269 5 184 12
13 119 11 246 5 126 12 253 4 132 12 252 3 137 12 260 5 150 15 272 5 161 12 271 6 187 12
11 105 11 242 6 122 13 249 3 136 10 257 4 147 13 266 7 155 14 265 5 172 10
13 15 13 209 7 24 14 216 3 36 12 224 5 42 14 225 4 50 12 238 8 63 11 239 6 100 12
11 14 12 209 7 24 14 216 3 36 12 224 5 49 15 236 5 61 13 237 7 93 15
15 8 14 208 6 23 12 215 5 30 10 216 3 36 12 224 5 41 12 223 5 48 12 234 7 58 13 233 5 79 11
15 83 12 233 5 58 13 234 7 48 12 223 5 41 12 224 5 36 12 216 3 31 12 217 4 25 12 210 5 19 14
13 87 15 235 6 60 12 236 5 49 15 224 5 36 12 216 3 30 10 215 5 23 12 208 6 6 10
21 85 13 235 6 60 12 236 5 49 15 224 5 36 12 216 3 31 12 217 4 32 14 218 7 33 12 219 4 203 10 248 3 128 13 249 3 122 13 242 6 103 12
17 173 12 267 4 156 12 266 7 147 13 257 4 136 10 249 3 128 13 248 3 203 10 219 4 33 12 218 7 26 15 211 4 16 15
13 182 12 269 5 159 13 270 7 149 12 259 5 142 12 260 5 137 12 252 3 125 14 245 7 113 11
13 69 10 229 5 54 14 230 7 46 13 221 4 35 10 213 3 28 12 214 7 22 11 207 7 10 10
15 78 12 233 5 58 13 234 7 48 12 223 5 41 12 224 5 36 12 216 3 30 10 215 5 23 12 208 6 9 13
15 192 13 273 7 162 13 272 5 150 15 260 5 137 12 252 3 131 10 251 5 124 12 244 6 107 10 243 7 104 13
86 108 104 109 103 110 102 111 101 112 100 113 99 114 72 114 85 114 98 115 71 115 84 115 97 125 87 126 86 127 72 127 85 127 98 128 71 128 84 128 97 129 96 130 95 131 94 132 93 138 87 139 86 140 72 140 85 140 98 141 71 141 84 141 97 152 59 153 58 159 63 160 62 161 61 162 60 163 151 164 150 165 149 166 148 167 147 168 146 174 41 175 40 176 39 177 38 178 37 179 36 180 20 180 35 180 50 181 19 181 34 181 49 191 5 192 4 200 104 201 103 202 102 203 101 204 100 205 99 206 72 206 85 206 98 207 71 207 84 207 97 208 96 209 95 210 94 211 93 217 52 218 51 219 20 219 35 219 50 220 19 220 34 220 49 221 33 222 32 223 31 224 30
