5 10 5
5 72 2 1 87 1 1 95 5 1 66 3 1 60 4 1
5 5 5 2 35 4 2 48 1 2 39 3 2 54 2 2
5 46 2 3 20 4 3 21 3 3 97 1 3 55 5 3
5 59 1 4 19 4 4 46 5 4 34 2 4 37 3 4
5 23 5 5 73 3 5 25 4 5 24 2 5 28 1 5
5 28 4 1 45 1 1 5 5 1 78 2 1 83 3 1
5 53 1 2 71 4 2 37 2 2 29 5 2 12 3 2
5 12 5 3 87 3 3 33 4 3 55 2 3 38 1 3
5 49 3 4 83 4 4 40 2 4 48 1 4 7 5 4
5 65 3 5 17 4 5 90 1 5 27 5 5 23 2 5
10 20 30 40 50
0 10 20 30 40
40 0 10 20 30
30 40 0 10 20
20 30 40 0 10
10 20 30 40 0
1 2	1 3	1 4	1 5	0
1 7	1 8	1 9	1 10 	0
1 12	1 13	1 14	1 15	0
1 17	1 18	1 19	1 20	0
1 22	1 23	1 24	1 25	0
1 27	1 28	1 29	1 30 	0
1 32	1 33	1 34	1 35	0
1 37	1 38	1 39	1 40 	0
1 42	1 43	1 44	1 45	0
1 47	1 48	1 49	1 50 	0
